
114	0.002533891402274934	0.002787870716004199	
115	0.002532874244721034	0.002785001558923416	
116	0.002531803251541908	0.002786013183838284	
117	0.002533630216190931	0.0027859397594020034	
118	0.002533304366720666	0.002784505308930329	
119	0.002533723972875413	0.0027841356100584093	
120	0.0025328196593969532	0.0027849992644403488	
121	0.0025344537579501656	0.0027925494547581847	
122	0.0025344684260977515	0.002793995720465366	
123	0.0025330179426089425	0.0027921350680501413	
124	0.002534542139258313	0.0027882294319243497	
125	0.002536453952215151	0.00278997245762031	
126	0.0025352295846294546	0.0027910505541109583	
127	0.0025353966943472807	0.002786441842224597	
128	0.0025353879348102627	0.002789091658975501	
129	0.002534864609744919	0.002788619275386644	
130	0.002533143581393736	0.002784300695525539	
131	0.0025347606876358463	0.0027847191680493736	
132	0.002534514948519074	0.0027850583526751816	
133	0.002535772857767219	0.0027938959621023624	
134	0.0025355058394338436	0.002794429354305125	
135	0.0025367147377263746	0.002793264092875559	
136	0.002536106044385115	0.00279136117224313	
137	0.002536575913689896	0.0027902187966610905	
138	0.0025352075867762164	0.002789693607699723	
139	0.002534864810031328	0.0027879579200480674	
140	0.0025337506216441753	0.0027893790699478043	
141	0.0025331767473978197	0.0027896788058234907	
142	0.002534057532239573	0.0027889453455149016	
143	0.0025339989625427634	0.002787825627668172	
144	0.002532996705132161	0.002787012216306746	
145	0.0022378767866153065	0.0022045338061861966	
146	0.00223847620789345	0.0022050283222005184	
147	0.002237924969893016	0.002203148391043752	
148	0.002237405839517305	0.0022035184555469775	
149	0.002238304218176473	0.002206175505084694	
150	0.002238620270762056	0.00220612713649493	
151	0.002239068507517888	0.002206072573680682	
152	0.0022398716129459467	0.002207156040258907	
153	0.002238900286679705	0.0022073222040450884	
154	0.0022402296564326424	0.0022064437282344747	
155	0.0022393509666707467	0.0022066065250842593	
156	0.002237399408350136	0.002206953130200662	
157	0.0022386842766653394	0.002201599981245604	
158	0.0022377776555251717	0.0022028800509049863	
159	0.0022381570668851105	0.002202580186634719	
160	0.0022370076416813657	0.0022026746420402976	
161	0.0022372936671616744	0.002203282984098349	
162	0.002237916293188514	0.0022049730072676893	
163	0.0022388649411454395	0.0022035792367003874	
164	0.00223859153694394	0.0022045462783849	
165	0.002238716159089203	0.0022054337297597332	
166	0.002239282259052353	0.002205178386477788	
167	0.002239043540313614	0.002205365358660917	
168	0.002238053135392667	0.0022037889148482557	
169	0.002238733103836331	0.0021995295314124028	
170	0.0022377781774346414	0.0022008598493062715	
171	0.0022379874398358156	0.0022020557638045457	
172	0.0022361602435146525	0.0022015886512373843	
173	0.002237387436465199	0.0022013320901620634	
174	0.0022383960875094777	0.002202955026830266	
175	0.002238843236441602	0.0022030360702147756	
176	0.002238714153960263	0.002202664978880674	
177	0.0022391301274568456	0.0022026488458066814	
178	0.0022385570381778554	0.002203178770703657	
179	0.002238870147297566	0.0022033576364301377	
180	0.0022364603641098777	0.002202756368132105	
181	0.002238384072914036	0.0021982648860497567	
182	0.0022371567207697673	0.0021988964786090297	
183	0.0022383165058603343	0.0022003828050588337	
184	0.0022382330847953227	0.0021987773489561017	
185	0.00224042488810823	0.0021996405995793993	
186	0.002239588694331557	0.0021995489160631858	
187	0.0022385630639187673	0.0022012515101712147	
188	0.0022394224388239035	0.0022013551620839794	
189	0.0022392932460070848	0.00220220429549357	
190	0.0022395657332269273	0.0022012365166807065	
191	0.0022387138934908714	0.002203197255288786	
192	0.002237277287681689	0.002201969208902846	
193	0.0022388863831149623	0.002198686265700935	
194	0.002239709263832006	0.002197601533099882	
195	0.0022391210708876757	0.0021975042337866327	
196	0.0022398197468575906	0.002196445633721781	
197	0.0022401888607786573	0.002197583185382061	
198	0.0022398790558991856	0.0021997103250130613	
199	0.0022389811473791637	0.002200315287425606	
200	0.002239822472888146	0.0022007594330024386	
201	0.002239179104761729	0.002200875740907187	
202	0.0022388247437621278	0.0022002357394796377	
203	0.0022396069705463996	0.002200771970050195	
204	0.0022393350162372397	0.002200444564161928	
205	0.0022398719274506172	0.0021971787358941856	
206	0.002239814275382596	0.0021948016302380815	
207	0.002239286476391493	0.002195132527220977	
208	0.002240800166902918	0.002195645475680488	
209	0.0022394291660525452	0.0021969190786842435	
210	0.0022387393165974887	0.0021985709637710998	
211	0.002239462656591768	0.002199739604520304	
212	0.0022402552623531783	0.0021992211168442776	
213	0.002240048375238692	0.0021989821037904753	
214	0.002237801769166409	0.0021990979179951848	
215	0.002238114967589907	0.0021999993001834382	
216	0.002237923965872505	0.0021999535258813963	
217	0.0022415381549837922	0.00219429420079086	
218	0.0022433001679506254	0.0021933565921005527	
219	0.0022431613798298174	0.0021945299071950805	
220	0.0022411585763410114	0.0021943690261620637	
221	0.002240493004250803	0.0021943901764014642	
222	0.0022406020114989042	0.0021970919440816527	
223	0.0022403866803227678	0.0021991767939877234	
224	0.00224056679797892	0.002197968996797885	
225	0.0022400212420939296	0.0021955728763586903	
226	0.0022376864048474087	0.002197136052186862	
227	0.0022375780764375356	0.0021969503153943465	
228	0.002237449597080365	0.00219792425258547	
229	0.0022438819187266023	0.002190984055858148	
230	0.0022437353663530423	0.0021925380240993995	
231	0.0022430013390246986	0.0021939065690395167	
232	0.002240691424006984	0.0021931325904603473	
233	0.0022415592345611177	0.0021930841078144766	
234	0.0022418446355620234	0.00219563164295531	
235	0.002241899747001906	0.0021948634919916944	
236	0.002240604099783913	0.002194394115899559	
237	0.0022401493050236646	0.002194029949400755	
238	0.0022387694734520994	0.0021936094887159683	
239	0.002238093675754325	0.002194422552043324	
240	0.0022373629575196787	0.0021957139579025296	
241	0.002244084229021813	0.00218901017733432	
242	0.00224429559556266	0.002189776113654148	
243	0.0022436167498876658	0.002192987020319723	
244	0.0022421737899196536	0.002191386552053672	
245	0.0022427352745593475	0.00219099031949392	
246	0.0022430184594673004	0.0021941403332310884	
247	0.002242674156468878	0.0021947475174566846	
248	0.0022419065237359232	0.0021936595081864904	
249	0.0022407480422865526	0.002193375994674451	
250	0.002239930532415942	0.002193791921139989	
251	0.002239445915690277	0.002194182242660337	
252	0.0022380371972545864	0.0021946405963698934	
253	0.002244457856343505	0.002188435316284774	
254	0.0022445741560873558	0.0021870533515026156	
255	0.0022442469842091643	0.0021905874967720344	
256	0.0022436741673714598	0.002190711513566387	
257	0.002243657543276713	0.002190440166256785	
258	0.002242908658192024	0.002192114589808857	
259	0.0022425157826678507	0.0021921519119013333	
260	0.002240811459949634	0.0021909127922963598	
261	0.0022398478523135306	0.0021915044691272036	
262	0.00223936937845911	0.0021926820218950665	
263	0.002237990714631681	0.0021917980010021866	
264	0.002238285962022634	0.002191819553044957	
265	0.0022438922384914297	0.0021893763649073954	
266	0.0022438174588623903	0.00218717372599653	
267	0.0022435797266716884	0.0021895830736858956	
268	0.002242764285995789	0.002190153481658988	
269	0.0022431418155048587	0.002188350072050737	
270	0.002242981267027113	0.002189754809927807	
271	0.002241640658586285	0.00219049965271043	
272	0.0022401619580117954	0.0021887815391502747	
273	0.002238702878062466	0.002190616538064935	
274	0.0022381666903392313	0.002191516914278307	
275	0.002237627111013349	0.002191442800291361	
276	0.002236855966635312	0.0021912866424848715	
277	0.002242581262730798	0.002187005946849921	
278	0.002242660504960822	0.0021878631997511245	
279	0.0022431266898371334	0.002188092017817973	
280	0.002243964295325541	0.002187937697944229	
281	0.0022428181355342944	0.0021880051781018816	
282	0.002242614275688871	0.002189391063155518	
283	0.002241405338892179	0.002190311683350984	
284	0.002239679512727207	0.0021879978977373442	
285	0.0022384000278774627	0.0021890693447566938	
286	0.0022373263970008723	0.0021897486818558886	
287	0.002237185813744439	0.0021898559428298898	
288	0.0022364169071382133	0.0021897931285448087	
289	0.0021691036531978165	0.001961350975656003	
290	0.0021718455248256525	0.0019640268506436903	
291	0.0021756432849965677	0.001962420332189767	
292	0.002175794581148633	0.001961377396591236	
293	0.002176623060177928	0.001965779752295393	
294	0.0021769228400598034	0.0019709773283888713	
295	0.0021771618344754527	0.00196766065325497	
296	0.002179544004672299	0.0019673051687073718	
297	0.0021824856682931644	0.001970662734912382	
298	0.0021834774917206903	0.001973018405840558	
299	0.0021859549467969654	0.0019730356762169207	
300	0.002186136424070999	0.0019765966106598558	
301	0.0021712878300964348	0.001959368655350581	
302	0.002172097220764098	0.0019629745259460932	
303	0.002172446196680433	0.0019646826908804676	
304	0.0021743466557604466	0.00196474279193358	
305	0.0021722253658791927	0.001964204746241483	
306	0.002174913875903731	0.0019681676629757037	
307	0.002175568946385889	0.001967174781390401	
308	0.0021802003639117052	0.0019676494702161964	
309	0.0021799573860940068	0.0019682509255662703	
310	0.002181311024799125	0.001968937398667523	
311	0.0021808433366423442	0.0019727179468491305	
312	0.0021826044928104763	0.0019736415517301103	
313	0.0021682718016561796	0.0019545335075407413	
314	0.002169069884069596	0.001959962451669828	
315	0.00217107571450388	0.0019626765908534642	
316	0.0021697564053406535	0.001967474151308889	
317	0.002168381127938832	0.001962056326998906	
318	0.002171351712721661	0.0019659085910562527	
319	0.0021733331120979893	0.001966241571029599	
320	0.0021771191110244157	0.001964276276042829	
321	0.0021783863670790287	0.0019636508428394405	
322	0.0021782742231970798	0.0019672433538797064	
323	0.0021790943173770104	0.001972984244731735	
324	0.002181304179793	0.001973915886658065	
325	0.002164909991204343	0.001958885400259049	
326	0.0021667334632985993	0.0019589969220434743	
327	0.002168083850180918	0.0019606299878719975	
328	0.0021655132735771774	0.00196248941173996	
329	0.002169371778121627	0.0019635090055923903	
330	0.0021724643871506863	0.0019654662234512427	
331	0.0021711087400809927	0.0019641438656963026	
332	0.002171436309943461	0.0019663839867040656	
333	0.002176290599638683	0.0019664938846553695	
334	0.0021768637044487548	0.0019638277930750184	
335	0.002177703430578621	0.001970747040301682	
336	0.002179870328488049	0.001972724651393229	
337	0.0021626034059884767	0.0019607784504756063	
338	0.002164520004787224	0.001961534241667271	
339	0.0021673583966635816	0.001957232039611992	
340	0.0021658400662378304	0.0019610414589799788	
341	0.0021706162542677134	0.0019632278132851585	
342	0.0021728591545562698	0.001960673766843858	
343	0.002172064124002824	0.001964062691310213	
344	0.002171759395526123	0.00196659